distortion_model: "non-fisheye"
width: 320
height: 240
D: [-0.132929,0.062375,0,0]
K: [458.615,0.0,178.761,0.0,460.135,154.549,0.0,0.0,1]
